disease.grazer_rate seed | grazers/patch peak mean | hunters peak mean | grazer deaths crowded eaten starved | hunter deaths old_age starved crowded | first extinction
0.000 s1 | 52.0 22.4 | 56 29.3 | 0 2766 13318 | 18 6 126 | -
0.000 s2 | 50.6 24.3 | 57 31.7 | 0 2933 16215 | 28 9 116 | -
0.000 s3 | 56.7 9.6 | 70 28.6 | 0 2639 5437 | 16 26 116 | grazers @12059 (eaten)
0.001 s1 | 13.6 9.6 | 57 31.4 | 13454 2963 424 | 22 2 130 | -
0.001 s2 | 14.0 11.2 | 47 30.1 | 16535 2769 457 | 24 9 106 | -
0.001 s3 | 13.8 7.6 | 60 40.7 | 10370 3702 519 | 36 11 138 | -
0.002 s1 | 11.8 8.1 | 55 28.2 | 13201 2677 318 | 20 4 118 | -
0.002 s2 | 11.7 8.6 | 56 30.9 | 14142 2830 277 | 30 8 109 | -
0.002 s3 | 10.4 7.3 | 62 38.8 | 11357 3527 339 | 35 10 132 | -
0.003 s1 | 11.9 7.4 | 49 30.5 | 12556 2818 173 | 16 8 123 | -
0.003 s2 | 10.2 8.3 | 53 30.8 | 14744 2817 155 | 27 10 110 | -
0.003 s3 | 11.4 1.9 | 65 16.9 | 3973 1600 61 | 10 19 77 | grazers @8325 (eaten)
0.004 s1 | 10.4 7.7 | 52 27.1 | 13942 2564 129 | 20 9 114 | -
0.004 s2 | 10.5 7.7 | 45 29.7 | 14374 2680 132 | 24 14 104 | -
0.004 s3 | 10.5 5.6 | 59 37.7 | 9140 3447 236 | 32 9 129 | -
0.005 s1 | 10.2 6.3 | 46 28.9 | 11589 2702 111 | 23 6 112 | -
0.005 s2 | 9.9 7.5 | 52 29.8 | 14012 2722 124 | 28 10 109 | -
0.005 s3 | 10.6 1.5 | 65 19.2 | 3549 1712 71 | 9 49 54 | grazers @7964 (eaten)
0.006 s1 | 9.2 1.4 | 57 15.3 | 3491 1487 29 | 6 29 65 | grazers @8329 (eaten)
0.006 s2 | 9.8 6.2 | 46 29.9 | 12025 2716 134 | 22 9 115 | -
0.006 s3 | 9.6 5.2 | 58 39.2 | 8792 3529 216 | 30 10 136 | -
0.007 s1 | 9.8 6.7 | 48 28.6 | 12608 2701 109 | 14 7 122 | -
0.007 s2 | 10.0 6.9 | 47 27.8 | 13529 2518 106 | 22 9 106 | -
0.007 s3 | 9.1 4.9 | 60 41.6 | 8406 3800 184 | 29 9 143 | -
0.008 s1 | 8.9 6.3 | 46 27.9 | 12262 2604 113 | 14 7 117 | -
0.008 s2 | 8.8 6.3 | 48 29.7 | 12523 2711 111 | 21 12 114 | -
0.008 s3 | 9.3 5.3 | 62 39.5 | 9175 3596 158 | 36 7 133 | -
0.009 s1 | 8.7 1.4 | 58 15.9 | 3407 1580 38 | 5 27 72 | grazers @8164 (eaten)
0.009 s2 | 9.3 6.5 | 48 30.0 | 13124 2750 99 | 21 3 122 | -
0.009 s3 | 8.9 1.7 | 62 20.8 | 3625 1856 65 | 10 46 64 | grazers @8692 (eaten)
0.010 s1 | 9.1 6.4 | 50 28.4 | 12515 2667 77 | 22 6 114 | -
0.010 s2 | 9.2 6.0 | 49 30.9 | 11968 2816 82 | 20 4 136 | -
0.010 s3 | 8.6 2.0 | 57 23.4 | 4152 2095 81 | 19 23 92 | grazers @12966 (eaten)
