disease.grazer_threshold seed | grazers/patch peak mean | hunters peak mean | grazer deaths crowded eaten starved | hunter deaths old_age starved crowded | first extinction
4 s1 | 7.0 4.9 | 47 31.3 | 9571 3009 72 | 20 2 121 | -
4 s2 | 6.9 0.9 | 51 14.9 | 2631 1357 31 | 9 33 53 | grazers @7866 (eaten)
4 s3 | 5.9 0.9 | 62 15.3 | 2293 1407 23 | 6 38 51 | grazers @7032 (eaten)
8 s1 | 11.2 8.8 | 54 30.7 | 15093 2951 68 | 25 3 110 | -
8 s2 | 10.7 7.4 | 52 37.1 | 13087 3496 121 | 31 2 129 | -
8 s3 | 10.7 5.7 | 63 45.0 | 8826 4163 296 | 34 1 157 | -
12 s1 | 12.8 9.2 | 55 33.6 | 14133 3189 161 | 17 5 140 | -
12 s2 | 13.5 10.0 | 54 37.6 | 15943 3526 178 | 27 7 137 | -
12 s3 | 12.0 6.4 | 62 44.4 | 9301 4086 306 | 32 4 152 | -
16 s1 | 13.5 9.8 | 54 38.6 | 14405 3726 270 | 23 1 148 | -
16 s2 | 13.9 10.2 | 55 38.5 | 15397 3674 266 | 31 2 147 | -
16 s3 | 13.8 8.2 | 65 46.1 | 11311 4341 436 | 31 2 161 | -
20 s1 | 15.0 11.8 | 50 34.6 | 15438 3340 234 | 23 2 136 | -
20 s2 | 14.5 11.2 | 56 41.8 | 16007 3893 491 | 25 4 161 | -
20 s3 | 15.7 10.2 | 61 42.0 | 13707 3941 432 | 37 5 128 | -
24 s1 | 14.9 10.7 | 58 35.2 | 13611 3402 360 | 22 1 142 | -
24 s2 | 16.3 12.2 | 55 40.2 | 16141 3838 398 | 38 1 136 | -
24 s3 | 16.2 10.1 | 65 47.4 | 12513 4437 677 | 31 2 162 | -
28 s1 | 17.8 12.0 | 61 35.9 | 15086 3498 208 | 28 5 130 | -
28 s2 | 17.0 11.3 | 58 42.1 | 14752 4012 320 | 33 5 149 | -
28 s3 | 18.2 10.4 | 77 47.2 | 11722 4361 929 | 35 3 162 | -
32 s1 | 18.1 12.6 | 58 33.6 | 13781 3261 416 | 22 1 126 | -
32 s2 | 18.0 13.3 | 54 38.7 | 16470 3651 685 | 31 1 154 | -
32 s3 | 17.0 10.1 | 71 46.5 | 11299 4368 924 | 36 2 163 | -
