disease.grazer_rate seed | grazers/patch peak mean | hunters peak mean | grazer deaths crowded eaten starved | hunter deaths old_age starved crowded | first extinction
0.000 s1 | 43.2 28.1 | 58 31.0 | 0 3004 11283 | 26 3 119 | -
0.000 s2 | 58.6 31.3 | 61 39.4 | 0 3775 15838 | 24 2 141 | -
0.000 s3 | 48.1 10.1 | 67 28.5 | 0 2611 6016 | 17 41 104 | grazers @11451 (eaten)
0.001 s1 | 13.5 9.8 | 54 38.6 | 14405 3726 270 | 23 1 148 | -
0.001 s2 | 13.9 10.2 | 55 38.5 | 15397 3674 266 | 31 2 147 | -
0.001 s3 | 13.8 8.2 | 65 46.1 | 11311 4341 436 | 31 2 161 | -
0.002 s1 | 12.7 8.8 | 53 35.5 | 14581 3375 116 | 28 0 133 | -
0.002 s2 | 12.1 9.2 | 46 34.9 | 14965 3252 174 | 30 3 127 | -
0.002 s3 | 11.5 7.6 | 60 42.7 | 11545 3986 305 | 36 5 147 | -
0.003 s1 | 11.5 7.6 | 55 34.1 | 12867 3288 110 | 21 0 139 | -
0.003 s2 | 11.6 8.8 | 51 34.6 | 15419 3227 118 | 32 3 127 | -
0.003 s3 | 11.1 6.9 | 64 42.3 | 11018 3953 185 | 39 4 141 | -
0.004 s1 | 11.4 7.6 | 58 33.8 | 13066 3243 68 | 25 1 129 | -
0.004 s2 | 11.0 8.1 | 54 34.7 | 14516 3281 70 | 28 2 129 | -
0.004 s3 | 10.1 1.9 | 68 18.3 | 4152 1678 32 | 10 43 53 | grazers @7709 (eaten)
0.005 s1 | 10.3 7.2 | 56 34.6 | 12739 3349 77 | 18 0 138 | -
0.005 s2 | 10.0 6.5 | 52 39.1 | 11952 3683 101 | 28 0 144 | -
0.005 s3 | 10.3 1.6 | 71 17.8 | 3735 1657 51 | 12 38 58 | grazers @7795 (eaten)
0.006 s1 | 10.1 7.2 | 54 36.5 | 12862 3574 68 | 23 2 141 | -
0.006 s2 | 10.0 6.4 | 57 34.8 | 11638 3281 96 | 26 3 136 | -
0.006 s3 | 9.3 1.8 | 66 20.9 | 3799 1896 67 | 13 42 66 | grazers @8934 (eaten)
0.007 s1 | 9.9 6.8 | 47 33.2 | 12804 3137 56 | 28 5 112 | -
0.007 s2 | 10.2 6.3 | 46 37.4 | 11874 3493 105 | 30 3 135 | -
0.007 s3 | 8.8 6.5 | 58 38.7 | 11621 3615 140 | 32 3 136 | -
0.008 s1 | 10.0 6.8 | 55 31.4 | 12553 3034 39 | 22 2 121 | -
0.008 s2 | 9.4 6.5 | 60 36.6 | 12346 3426 68 | 28 8 138 | -
0.008 s3 | 9.0 1.7 | 61 17.5 | 4056 1622 46 | 11 37 59 | grazers @8411 (eaten)
0.009 s1 | 9.1 6.3 | 52 35.0 | 11670 3350 69 | 29 3 126 | -
0.009 s2 | 9.7 6.8 | 47 35.2 | 13337 3285 68 | 25 1 130 | -
0.009 s3 | 9.5 1.4 | 59 17.8 | 3251 1618 31 | 5 39 60 | grazers @7958 (eaten)
0.010 s1 | 9.1 6.6 | 51 31.9 | 12658 3053 50 | 22 0 130 | -
0.010 s2 | 8.9 6.1 | 52 37.1 | 11722 3457 82 | 27 5 129 | -
0.010 s3 | 8.7 4.5 | 56 44.0 | 7545 4009 154 | 33 2 161 | -
